0 9 0 0 0 0 0 0 0 13 7 0 3 0 0 0 
0 0 2 0 11 6 3 4 0 9 0 0 0 8 10 15 
0 16 0 10 0 0 12 0 0 4 0 3 6 0 13 0
0 0 6 8 2 16 0 0 0 10 5 0 0 1 7 9 
12 10 5 0 0 0 0 0 0 0 4 6 15 0 3 14
0 1 0 0 0 4 11 0 16 0 0 14 0 5 6 0 
0 0 8 14 5 15 0 3 0 0 0 0 0 12 0 0 
15 0 0 6 10 9 0 8 0 0 12 0 1 11 16 0
0 0 0 0 0 0 0 0 2 0 0 16 13 6 1 0
0 5 0 16 6 0 8 0 0 0 0 1 0 0 11 0
0 15 11 0 1 0 0 0 0 0 0 0 9 14 12 7
0 0 1 0 3 10 15 7 9 0 0 11 0 0 0 0
4 11 0 5 0 0 0 0 1 14 3 10 2 13 15 0
13 0 0 0 0 0 0 2 0 11 0 0 12 7 0 6
0 0 0 0 7 1 0 11 0 0 0 13 0 3 4 8 
8 0 3 12 0 14 0 13 4 5 6 7 11 0 0 0 