0 2 0 13 4 15 0 12 0 16 14 6 1 5 0 0 
1 0 0 15 0 0 0 5 7 10 11 0 0 6 14 0
8 0 9 7 0 0 6 0 0 0 0 5 16 0 0 0
14 3 0 0 0 9 16 0 0 1 0 0 2 0 4 7
0 9 15 2 0 0 12 0 0 0 0 7 5 13 0 0 
0 0 0 0 0 0 0 9 11 4 13 14 0 16 10 0 
0 0 7 16 3 0 4 0 0 0 5 1 0 9 0 14
13 0 0 14 0 0 15 7 0 6 0 16 8 12 0 0 
9 0 0 0 0 5 0 0 14 11 8 3 0 0 0 0
6 13 8 0 16 7 0 0 0 0 0 0 9 0 15 2 
5 15 0 3 13 6 0 4 0 7 0 0 0 0 0 10
2 16 1 0 9 11 14 0 15 0 0 0 4 0 0 0
3 8 6 4 0 0 0 0 0 14 0 0 0 0 0 0 
0 0 0 0 0 0 0 10 0 5 0 0 6 0 8 0
0 11 0 0 0 0 0 14 0 0 10 0 15 4 1 13
15 0 0 0 0 1 0 6 0 0 0 0 14 0 5 0